2718.632525418355 17.496137619018555 0.00020609123748727143
2718.639469679512 17.49620944261551 0.00020609123748727143
2718.6464139406685 17.49619722366333 0.00020609123748727143
2718.653358201826 17.4958336353302 0.00020609123748727143
2718.6603024629826 17.495422661304474 0.00020609123748727143
2718.6672467249177 17.49485492706299 0.00020609123748727143
2718.674190987628 17.496369183063507 0.00020609123748727143
2718.6811352503364 17.495595812797546 0.00020609123748727143
2718.688079513047 17.495535016059875 0.00020609123748727143
2718.6950237757565 17.495649755001068 0.00020609123748727143
2718.701968038467 17.49542325735092 0.00020609123748727143
2718.708912301951 17.49523639678955 0.00020609123748727143
2718.7158565662085 17.496797144412994 0.00020609123748727143
2718.722800830466 17.495079338550568 0.00020609123748727143
2718.7297450947217 17.495274245738983 0.00020609123748727143
2718.736689358979 17.495687305927277 0.00020609123748727143
2718.743633623235 17.495951056480408 0.00020609123748727143
2718.7505778882555 17.495631873607635 0.00020609123748727143
2718.7575221540365 17.496776282787323 0.00020609123748727143
2718.764466419818 17.494769990444183 0.00020609123748727143
2718.771410685599 17.49497413635254 0.00020609123748727143
2718.7783549513783 17.494175732135773 0.00020609123748727143
2718.7852992171593 17.49583899974823 0.00020609123748727143
2718.7922434836846 17.494914531707764 0.00020609123748727143
2718.7991877509535 17.4954754114151 0.00020609123748727143
2718.806132018221 17.495689690113068 0.00020609123748727143
2718.81307628549 17.49451518058777 0.00020609123748727143
2718.8200205527587 17.494550943374634 0.00020609123748727143
2718.8269648200267 17.496858537197113 0.00020609123748727143
2718.833909088017 17.4954617023468 0.00020609123748727143
2718.8408533567253 17.494913041591644 0.00020609123748727143
2718.8477976254353 17.495252192020416 0.00020609123748727143
2718.8547418941457 17.495938539505005 0.00020609123748727143
2718.861686162856 17.495299875736237 0.00020609123748727143
2718.8686304315675 17.4963316321373 0.00020609123748727143
2718.8755747009723 17.495804727077484 0.00020609123748727143
2718.8825189710724 17.495559751987457 0.00020609123748727143
2718.889463241171 17.495591938495636 0.00020609123748727143
2718.8964075112694 17.49446988105774 0.00020609123748727143
2718.9033517813696 17.495110034942627 0.00020609123748727143
2718.9102960514697 17.496208548545837 0.00020609123748727143
2718.9172403222374 17.494884431362152 0.00020609123748727143
2718.9241845936704 17.496355175971985 0.00020609123748727143
2718.931128865103 17.496350407600403 0.00020609123748727143
2718.938073136537 17.49652087688446 0.00020609123748727143
2718.9450174079698 17.495847642421722 0.00020609123748727143
2718.951961679403 17.495850324630737 0.00020609123748727143
2718.958905951476 17.49594897031784 0.00020609123748727143
2718.965850224186 17.496231496334076 0.00020609123748727143
2718.972794496895 17.49583661556244 0.00020609123748727143
2718.9797387696026 17.495407462120056 0.00020609123748727143
2718.9866830423134 17.49662548303604 0.00020609123748727143
2718.993627315021 17.4955615401268 0.00020609123748727143
2719.000571588341 17.49614268541336 0.00020609123748727143
2719.007515862269 17.495483458042145 0.00020609123748727143
2719.014460136197 17.496704161167145 0.00020609123748727143
2719.021404410124 17.496718764305115 0.00020609123748727143
2719.0283486840513 17.49672532081604 0.00020609123748727143
2719.035292957979 17.497207820415497 0.00020609123748727143
2719.0422372324874 17.4966362118721 0.00020609123748727143
2719.0491815075766 17.49687224626541 0.00020609123748727143
2719.0561257826657 17.496986389160156 0.00020609123748727143
2719.063070057755 17.49636024236679 0.00020609123748727143
2719.0700143328413 17.496867775917053 0.00020609123748727143
2719.0769586079305 17.496598064899445 0.00020609123748727143
2719.0839028835735 17.49657392501831 0.00020609123748727143
2719.0908471597677 17.49719887971878 0.00020609123748727143
2719.097791435963 17.496857941150665 0.00020609123748727143
2719.1047357121583 17.497176826000214 0.00020609123748727143
2719.1116799883534 17.497097551822662 0.00020609123748727143
2719.118624264547 17.49759078025818 0.00020609123748727143
2719.12556854127 17.498107254505157 0.00020609123748727143
2719.1325128185185 17.49807059764862 0.00020609123748727143
2719.1394570957646 17.49783217906952 0.00020609123748727143
2719.1464013730133 17.497884035110474 0.00020609123748727143
2719.1533456502616 17.496967315673828 0.00020609123748727143
2719.160289927508 17.498259842395782 0.00020609123748727143
2719.167234205259 17.497999668121338 0.00020609123748727143
2719.1741784835103 17.498587667942047 0.00020609123748727143
2719.181122761762 17.49851703643799 0.00020609123748727143
2719.1880670400124 17.498879730701447 0.00020609123748727143
2719.195011318264 17.498432099819183 0.00020609123748727143
2719.2019555965153 17.499286830425262 0.00020609123748727143
2719.208899875242 17.49889075756073 0.00020609123748727143
2719.215844154449 17.498257756233215 0.00020609123748727143
2719.2227884336558 17.499110996723175 0.00020609123748727143
2719.229732712863 17.499137222766876 0.00020609123748727143
2719.236676992068 17.49916970729828 0.00020609123748727143
2719.243621271275 17.49929666519165 0.00020609123748727143
2719.2505655509367 17.49914288520813 0.00020609123748727143
2719.2575098310526 17.49975234270096 0.00020609123748727143
2719.2644541111704 17.499277591705322 0.00020609123748727143
2719.2713983912886 17.50017300248146 0.00020609123748727143
2719.2783426714063 17.49969631433487 0.00020609123748727143
2719.285286951523 17.4997079372406 0.00020609123748727143
2719.2922312320757 17.50088483095169 0.00020609123748727143
2719.29917551306 17.50044122338295 0.00020609123748727143
2719.3061197940456 17.500631660223007 0.00020609123748727143
2719.3130640750323 17.499130964279175 0.00020609123748727143
2719.320008356019 17.500317245721817 0.00020609123748727143
2719.3269526370054 17.500624656677246 0.00020609123748727143
2719.3338969184065 17.50140681862831 0.00020609123748727143
2719.3408412002223 17.500883787870407 0.00020609123748727143
2719.3477854820385 17.501139044761658 0.00020609123748727143
2719.361674045669 17.501305788755417 0.00020609123748727143
2719.368618327486 17.501980513334274 0.00020609123748727143
2719.3755626096995 17.501991540193558 0.00020609123748727143
2719.3825068923074 17.501963675022125 0.00020609123748727143
2719.3894511749177 17.501944601535797 0.00020609123748727143
2719.3963954575274 17.502251714468002 0.00020609123748727143
2719.403339740136 17.50180795788765 0.00020609123748727143
2719.410284022746 17.502547055482864 0.00020609123748727143
2719.417228305736 17.503589242696762 0.00020609123748727143
2719.4241725891056 17.50243291258812 0.00020609123748727143
2719.431116872472 17.50292032957077 0.00020609123748727143
2719.4380611558418 17.503061145544052 0.00020609123748727143
2719.445005439212 17.503121197223663 0.00020609123748727143
2719.4519497225792 17.5029057264328 0.00020609123748727143
2719.458894006313 17.503544241189957 0.00020609123748727143
2719.4658382904104 17.50378131866455 0.00020609123748727143
2719.472782574506 17.50366672873497 0.00020609123748727143
2719.479726858603 17.504343539476395 0.00020609123748727143
2719.4866711427007 17.50270888209343 0.00020609123748727143
2719.493615426798 17.504192292690277 0.00020609123748727143
2719.500559711244 17.504127621650696 0.00020609123748727143
2719.50750399604 17.50440612435341 0.00020609123748727143
2719.5144482808337 17.50399962067604 0.00020609123748727143
2719.521392565629 17.505076080560684 0.00020609123748727143
2719.5283368504247 17.50491738319397 0.00020609123748727143
2719.535281135221 17.505242079496384 0.00020609123748727143
2719.542225420353 17.50473916530609 0.00020609123748727143
2719.549169705819 17.50501424074173 0.00020609123748727143
2719.5561139912843 17.505528777837753 0.00020609123748727143
2719.5630582767526 17.50557541847229 0.00020609123748727143
2719.5700025622177 17.505555748939514 0.00020609123748727143
2719.576946847685 17.505527138710022 0.00020609123748727143
2719.583891133476 17.5058476626873 0.00020609123748727143
2719.59083541959 17.5059312582016 0.00020609123748727143
2719.597779705701 17.506476193666458 0.00020609123748727143
2719.604723991813 17.506641894578934 0.00020609123748727143
2719.611668277926 17.50629484653473 0.00020609123748727143
2719.618612564039 17.506519109010696 0.00020609123748727143
2719.6255568504635 17.50588059425354 0.00020609123748727143
2719.6325011371987 17.50573068857193 0.00020609123748727143
2719.6394454239344 17.506078630685806 0.00020609123748727143
2719.646389710667 17.50672847032547 0.00020609123748727143
2719.653333997402 17.50723898410797 0.00020609123748727143
2719.660278284138 17.506615966558456 0.00020609123748727143
2719.6672225711727 17.506563663482666 0.00020609123748727143
2719.6741668585087 17.507739812135696 0.00020609123748727143
2719.6811111458446 17.507314831018448 0.00020609123748727143
2719.6880554331797 17.50751957297325 0.00020609123748727143
2719.6949997205143 17.506710290908813 0.00020609123748727143
2719.70194400785 17.50799521803856 0.00020609123748727143
2719.7088882954763 17.509045898914337 0.00020609123748727143
2719.71583258339 17.508032470941544 0.00020609123748727143
2719.7227768713055 17.50798851251602 0.00020609123748727143
2719.7297211592204 17.507779002189636 0.00020609123748727143
2719.736665447136 17.50812456011772 0.00020609123748727143
2719.743609735051 17.507841140031815 0.00020609123748727143
2719.750554023248 17.507153004407883 0.00020609123748727143
2719.7574983117242 17.508317977190018 0.00020609123748727143
2719.7644426002 17.508337050676346 0.00020609123748727143
2719.7713868886744 17.508589327335358 0.00020609123748727143
2719.778331177151 17.508469820022583 0.00020609123748727143
2719.785275465627 17.508657574653625 0.00020609123748727143
2719.792219754376 17.516761124134064 0.00020609123748727143
2719.7991640433956 17.534416764974594 0.00020609123748727143
2719.8061083324155 17.55746439099312 0.00020609123748727143
2719.8130526214322 17.585275769233704 0.00020609123748727143
2719.8199969104517 17.616197764873505 0.00020609123748727143
2719.8269411994715 17.64990508556366 0.00020609123748727143
2719.833885488754 17.683362513780594 0.00020609123748727143
2719.8408297783 17.717733532190323 0.00020609123748727143
2719.8477740678463 17.751450538635254 0.00020609123748727143
2719.8547183573914 17.783800959587097 0.00020609123748727143
2719.8616626469357 17.812327295541763 0.00020609123748727143
2719.8686069364817 17.838678807020187 0.00020609123748727143
2719.8755512262837 17.85894811153412 0.00020609123748727143
2719.88249551634 17.87574529647827 0.00020609123748727143
2719.8894398063976 17.88698449730873 0.00020609123748727143
2719.896384096454 17.89478823542595 0.00020609123748727143
2719.903328386511 17.89790466427803 0.00020609123748727143
2719.910272676567 17.897593528032303 0.00020609123748727143
2719.9172169668727 17.895495742559433 0.00020609123748727143
2719.9241612574265 17.89018541574478 0.00020609123748727143
2719.9311055479784 17.881427258253098 0.00020609123748727143
2719.9380498385317 17.866103798151016 0.00020609123748727143
2719.9449941290854 17.846397757530212 0.00020609123748727143
2719.951938419639 17.82281756401062 0.00020609123748727143
2719.9588827104335 17.794837206602097 0.00020609123748727143
2719.9658270014706 17.763258665800095 0.00020609123748727143
2719.9727712925073 17.729906141757965 0.00020609123748727143
2719.9797155835427 17.69533708691597 0.00020609123748727143
2719.9866598745793 17.66146421432495 0.00020609123748727143
2719.993604165616 17.628045231103897 0.00020609123748727143
2720.0005484568887 17.595414966344833 0.00020609123748727143
2720.007492748394 17.567091286182404 0.00020609123748727143
2720.0144370399007 17.541509866714478 0.00020609123748727143
2720.021381331407 17.521327435970306 0.00020609123748727143
2720.0283256229136 17.50981554389 0.00020609123748727143
2720.035269914421 17.50824972987175 0.00020609123748727143
2720.042214206158 17.50840872526169 0.00020609123748727143
2720.0491584981237 17.508361488580704 0.00020609123748727143
2720.0561027900862 17.50741258263588 0.00020609123748727143
2720.063047082052 17.507770508527756 0.00020609123748727143
2720.0699913740177 17.5077423453331 0.00020609123748727143
2720.0769356659825 17.50733330845833 0.00020609123748727143
2720.0838799581725 17.5083127617836 0.00020609123748727143
2720.0908242505857 17.508152574300766 0.00020609123748727143
2720.097768542997 17.507126033306122 0.00020609123748727143
2720.10471283541 17.507735043764114 0.00020609123748727143
2720.111657127823 17.507523745298386 0.00020609123748727143
2720.1186014202362 17.507056295871735 0.00020609123748727143
2720.1255457128664 17.5070221722126 0.00020609123748727143
2720.132490005717 17.506501376628876 0.00020609123748727143
2720.1394342985664 17.507336288690567 0.00020609123748727143
2720.1463785914148 17.506680637598038 0.00020609123748727143
2720.1533228842645 17.50674143433571 0.00020609123748727143
2720.1602671771143 17.506821304559708 0.00020609123748727143
2720.1672114701782 17.5064355134964 0.00020609123748727143
2720.1741557634546 17.506581097841263 0.00020609123748727143
2720.181100056731 17.50624567270279 0.00020609123748727143
2720.188044350008 17.506013065576553 0.00020609123748727143
2720.1949886432844 17.50617817044258 0.00020609123748727143
2720.2019329365617 17.506215423345566 0.00020609123748727143
2720.215821523743 17.50631183385849 0.00020609123748727143
2720.222765817435 17.50528186559677 0.00020609123748727143
2720.2297101111303 17.504769265651703 0.00020609123748727143
2720.2366544048255 17.50515416264534 0.00020609123748727143
2720.2435986985192 17.505286037921906 0.00020609123748727143
2720.2505429924195 17.505545914173126 0.00020609123748727143
2720.257487286522 17.50436246395111 0.00020609123748727143
2720.2644315806265 17.50514641404152 0.00020609123748727143
2720.271375874729 17.505470663309097 0.00020609123748727143
2720.278320168833 17.50506043434143 0.00020609123748727143
2720.2852644629374 17.503862380981445 0.00020609123748727143
2720.2922087572415 17.50459849834442 0.00020609123748727143
2720.2991530517456 17.504788786172867 0.00020609123748727143
2720.30609734625 17.504298985004425 0.00020609123748727143
2720.3130416407557 17.50391662120819 0.00020609123748727143
2720.31998593526 17.504223436117172 0.00020609123748727143
2720.326930229765 17.50440403819084 0.00020609123748727143
2720.3338745244673 17.50282049179077 0.00020609123748727143
2720.340818819363 17.503600865602493 0.00020609123748727143
2720.3477631142614 17.503843754529953 0.00020609123748727143
2720.35470740916 17.502126842737198 0.00020609123748727143
2720.361651704057 17.503601610660553 0.00020609123748727143
2720.3685959989552 17.50279888510704 0.00020609123748727143
2720.375540294046 17.502354383468628 0.00020609123748727143
2720.3824845893305 17.50293955206871 0.00020609123748727143
2720.3894288846136 17.502549290657043 0.00020609123748727143
2720.396373179898 17.502133548259735 0.00020609123748727143
2720.4033174751826 17.50231370329857 0.00020609123748727143
2720.4102617704643 17.501752078533173 0.00020609123748727143
2720.4172060659375 17.50218614935875 0.00020609123748727143
2720.4241503616013 17.501364201307297 0.00020609123748727143
2720.4310946572646 17.501552551984787 0.00020609123748727143
2720.438038952927 17.501529455184937 0.00020609123748727143
2720.4449832485902 17.501776218414307 0.00020609123748727143
2720.4519275442535 17.501111328601837 0.00020609123748727143
2720.4588718401005 17.501650899648666 0.00020609123748727143
2720.4658161361363 17.500738948583603 0.00020609123748727143
2720.472760432172 17.50097557902336 0.00020609123748727143
2720.479704728209 17.500764280557632 0.00020609123748727143
2720.486649024244 17.50062420964241 0.00020609123748727143
2720.493593320278 17.50010222196579 0.00020609123748727143
2720.5005376164972 17.500320971012115 0.00020609123748727143
2720.507481912898 17.500557750463486 0.00020609123748727143
2720.5144262093004 17.500154227018356 0.00020609123748727143
2720.5213705057026 17.500761598348618 0.00020609123748727143
2720.528314802105 17.499505579471588 0.00020609123748727143
2720.5352590985044 17.49953866004944 0.00020609123748727143
2720.542203395088 17.499700784683228 0.00020609123748727143
2720.5491476918505 17.499027252197266 0.00020609123748727143
2720.556091988611 17.499316930770874 0.00020609123748727143
2720.563036285374 17.499816119670868 0.00020609123748727143
2720.5699805821355 17.499162256717682 0.00020609123748727143
2720.5769248788984 17.49933958053589 0.00020609123748727143
2720.5838691758377 17.499225437641144 0.00020609123748727143
2720.5908134729552 17.499341070652008 0.00020609123748727143
2720.5977577700733 17.499400079250336 0.00020609123748727143
2720.60470206719 17.498961091041565 0.00020609123748727143
2720.611646364305 17.49788612127304 0.00020609123748727143
2720.618590661423 17.49833106994629 0.00020609123748727143
2720.6255349587154 17.49810516834259 0.00020609123748727143
2720.632479256182 17.49789834022522 0.00020609123748727143
2720.639423553649 17.49843567609787 0.00020609123748727143
2720.646367851116 17.498241066932678 0.00020609123748727143
2720.653312148582 17.498196959495544 0.00020609123748727143
2720.660256446049 17.498362362384796 0.00020609123748727143
2720.6672007436887 17.497725188732147 0.00020609123748727143
2720.6741450414997 17.497912347316742 0.00020609123748727143
2720.6810893393117 17.497454285621643 0.00020609123748727143
2720.6880336371223 17.498234808444977 0.00020609123748727143
2720.6949779349343 17.497020959854126 0.00020609123748727143
2720.701922232745 17.498031854629517 0.00020609123748727143
2720.708866530727 17.49755322933197 0.00020609123748727143
2720.715810828879 17.498152256011963 0.00020609123748727143
2720.722755127029 17.497662007808685 0.00020609123748727143
2720.729699425181 17.496648132801056 0.00020609123748727143
2720.7366437233327 17.496854960918427 0.00020609123748727143
2720.743588021485 17.496959269046783 0.00020609123748727143
2720.7505323198025 17.497146725654602 0.00020609123748727143
2720.7574766182897 17.49699056148529 0.00020609123748727143
2720.764420916776 17.497077882289886 0.00020609123748727143
2720.771365215263 17.49687284231186 0.00020609123748727143
2720.77830951375 17.49693602323532 0.00020609123748727143
2720.7852538122374 17.496463656425476 0.00020609123748727143
2720.7921981108907 17.495786547660828 0.00020609123748727143
2720.799142409706 17.496232986450195 0.00020609123748727143
2720.806086708524 17.496576607227325 0.00020609123748727143
2720.813031007343 17.4970880150795 0.00020609123748727143
2720.8199753061604 17.497017979621887 0.00020609123748727143
2720.8269196049796 17.496548295021057 0.00020609123748727143
2720.8338639039603 17.496418058872223 0.00020609123748727143
2720.8408082031056 17.496723234653473 0.00020609123748727143
2720.84775250225 17.496007680892944 0.00020609123748727143
2720.854696801395 17.496202290058136 0.00020609123748727143
2720.861641100541 17.49516725540161 0.00020609123748727143
2720.8685853996844 17.496016025543213 0.00020609123748727143
2720.875529698991 17.496331930160522 0.00020609123748727143
2720.8824739984607 17.496958374977112 0.00020609123748727143
2720.8894182979293 17.495572865009308 0.00020609123748727143
2720.8963625973956 17.495931684970856 0.00020609123748727143
2720.9033068968643 17.495843172073364 0.00020609123748727143
2720.910251196332 17.495738565921783 0.00020609123748727143
2720.9171954959597 17.496246099472046 0.00020609123748727143
2720.9241397957476 17.495906352996826 0.00020609123748727143
2720.931084095536 17.495416700839996 0.00020609123748727143
2720.9380283953237 17.495388388633728 0.00020609123748727143
2720.944972695109 17.49584138393402 0.00020609123748727143
2720.9519169948967 17.494944632053375 0.00020609123748727143
2720.958861294843 17.49580353498459 0.00020609123748727143
2720.965805594946 17.495696246623993 0.00020609123748727143
2720.9727498950497 17.495624125003815 0.00020609123748727143
2720.9796941951536 17.495591938495636 0.00020609123748727143
2720.9866384952543 17.49567687511444 0.00020609123748727143
2720.993582795358 17.495630979537964 0.00020609123748727143
2721.0005270956194 17.496013045310974 0.00020609123748727143
2721.007471396036 17.49572068452835 0.00020609123748727143
2721.0144156964507 17.49547988176346 0.00020609123748727143
2721.021359996866 17.495392560958862 0.00020609123748727143
2721.0283042972824 17.495314478874207 0.00020609123748727143
2721.0352485976973 17.496062517166138 0.00020609123748727143
2721.0421928982687 17.494849264621735 0.00020609123748727143
2721.0491371989942 17.495287656784058 0.00020609123748727143
2721.056081499719 17.495148181915283 0.00020609123748727143
2721.0630258004435 17.49518632888794 0.00020609123748727143
2721.069970101169 17.4950110912323 0.00020609123748727143
2721.0769144018946 17.495248913764954 0.00020609123748727143
2721.083858702771 17.494997084140778 0.00020609123748727143
2721.090803003803 17.49424397945404 0.00020609123748727143
2721.097747304834 17.494490444660187 0.00020609123748727143
2721.1046916058654 17.494681775569916 0.00020609123748727143
2721.1116359068965 17.49584436416626 0.00020609123748727143
2721.118580207928 17.495220005512238 0.00020609123748727143
2721.1255245091115 17.495633959770203 0.00020609123748727143
2721.1324688104432 17.494860291481018 0.00020609123748727143
2721.139413111778 17.495626509189606 0.00020609123748727143
2721.146357413113 17.49460458755493 0.00020609123748727143
2721.153301714448 17.495506405830383 0.00020609123748727143
2721.160246015782 17.495444118976593 0.00020609123748727143
2721.167190317266 17.495638132095337 0.00020609123748727143
2721.174134618901 17.494978308677673 0.00020609123748727143
2721.181078920535 17.495544254779816 0.00020609123748727143
2721.18802322217 17.49484121799469 0.00020609123748727143
2721.194967523805 17.496159076690674 0.00020609123748727143
2721.201911825439 17.495726943016052 0.00020609123748727143
2721.208856127222 17.495962977409363 0.00020609123748727143
2721.2158004291546 17.49608278274536 0.00020609123748727143
2721.2227447310875 17.49586522579193 0.00020609123748727143
2721.229689033019 17.49542474746704 0.00020609123748727143
2721.2366333349505 17.496366500854492 0.00020609123748727143
2721.2435776368834 17.496397793293 0.00020609123748727143
2721.2505219389636 17.496076226234436 0.00020609123748727143
2721.2574662411907 17.496240437030792 0.00020609123748727143
2721.2644105434183 17.49595880508423 0.00020609123748727143
2721.271354845646 17.49714493751526 0.00020609123748727143
2721.2782991478707 17.495642006397247 0.00020609123748727143
2721.2852434500983 17.496862709522247 0.00020609123748727143
2721.2921877524723 17.496335208415985 0.00020609123748727143
2721.299132054992 17.495835423469543 0.00020609123748727143
2721.3060763575118 17.49727189540863 0.00020609123748727143
2721.3130206600313 17.49654531478882 0.00020609123748727143
2721.3199649625512 17.49675691127777 0.00020609123748727143
2721.326909265069 17.496721148490906 0.00020609123748727143
2721.3338535677344 17.498116493225098 0.00020609123748727143
2721.3407978705445 17.49742031097412 0.00020609123748727143
2721.3477421733533 17.497172951698303 0.00020609123748727143
2721.3546864761634 17.49622642993927 0.00020609123748727143
2721.3616307789734 17.49743491411209 0.00020609123748727143
2721.368575081784 17.497592866420746 0.00020609123748727143
2721.375519384737 17.497193813323975 0.00020609123748727143
2721.3824636878326 17.496187388896942 0.00020609123748727143
2721.3894079909305 17.497445940971375 0.00020609123748727143
2721.3963522940276 17.49750941991806 0.00020609123748727143
2721.4032965971264 17.49761402606964 0.00020609123748727143
2721.410240900225 17.49772310256958 0.00020609123748727143
2721.4171852034638 17.49744415283203 0.00020609123748727143
2721.424129506846 17.497091591358185 0.00020609123748727143
2721.431073810229 17.497811019420624 0.00020609123748727143
2721.4380181136125 17.498631179332733 0.00020609123748727143
2721.444962416995 17.498325407505035 0.00020609123748727143
2721.451906720377 17.49769628047943 0.00020609123748727143
2721.4588510239023 17.497988641262054 0.00020609123748727143
2721.46579532757 17.497963905334473 0.00020609123748727143
2721.4727396312346 17.498550713062286 0.00020609123748727143
2721.4796839349015 17.49777853488922 0.00020609123748727143
2721.4866282385674 17.498866617679596 0.00020609123748727143
2721.4935725422333 17.498166859149933 0.00020609123748727143
2721.5005168460407 17.498716115951538 0.00020609123748727143
2721.507461149989 17.498997747898102 0.00020609123748727143
2721.514405453937 17.49860405921936 0.00020609123748727143
2721.521349757882 17.49913662672043 0.00020609123748727143
2721.52829406183 17.498529255390167 0.00020609123748727143
2721.5352383657782 17.49968707561493 0.00020609123748727143
2721.5421826698653 17.49879777431488 0.00020609123748727143
2721.549126974093 17.498736679553986 0.00020609123748727143
2721.5560712783195 17.49964267015457 0.00020609123748727143
2721.5630155825465 17.49877840280533 0.00020609123748727143
2721.569959886772 17.49962419271469 0.00020609123748727143
2721.5769041910003 17.499986588954926 0.00020609123748727143
2721.5838484953665 17.498676478862762 0.00020609123748727143
2721.5907927998687 17.4995756149292 0.00020609123748727143
2721.5977371043737 17.49985784292221 0.00020609123748727143
2721.6046814088786 17.498790621757507 0.00020609123748727143
2721.6116257133817 17.499205768108368 0.00020609123748727143
2721.6185700178867 17.499946355819702 0.00020609123748727143
2721.6255143225276 17.49929815530777 0.00020609123748727143
2721.632458627308 17.499779164791107 0.00020609123748727143
2721.6394029320886 17.499535381793976 0.00020609123748727143
2721.646347236869 17.499796748161316 0.00020609123748727143
2721.6532915416497 17.49980241060257 0.00020609123748727143
2721.6602358464265 17.500922679901123 0.00020609123748727143
2721.6671801513444 17.500247955322266 0.00020609123748727143
2721.674124456398 17.500945180654526 0.00020609123748727143
2721.6810687614525 17.500272393226624 0.00020609123748727143
2721.688013066506 17.500478327274323 0.00020609123748727143
2721.694957371559 17.500245720148087 0.00020609123748727143
2721.7019016766135 17.50015065073967 0.00020609123748727143
2721.7088459818015 17.5006140768528 0.00020609123748727143
2721.7157902871277 17.49980330467224 0.00020609123748727143
2721.722734592454 17.501145154237747 0.00020609123748727143
2721.7296788977796 17.500272393226624 0.00020609123748727143
2721.736623203105 17.500545531511307 0.00020609123748727143
2721.743567508431 17.50077709555626 0.00020609123748727143
2721.757456119488 17.5009486079216 0.00020609123748727143
2721.764400425083 17.500950694084167 0.00020609123748727143
2721.7713447306796 17.500809133052826 0.00020609123748727143
2721.7782890362764 17.501412332057953 0.00020609123748727143
2721.7852333418723 17.500709295272827 0.00020609123748727143
2721.7921776476032 17.500810623168945 0.00020609123748727143
2721.7991219534674 17.501724511384964 0.00020609123748727143
2721.806066259331 17.501854747533798 0.00020609123748727143
2721.8130105651976 17.500904202461243 0.00020609123748727143
2721.819954871063 17.501243948936462 0.00020609123748727143
2721.8268991769282 17.500680685043335 0.00020609123748727143
2721.8338434829247 17.502257972955704 0.00020609123748727143
2721.8407877890577 17.50203087925911 0.00020609123748727143
2721.84773209519 17.501747459173203 0.00020609123748727143
2721.8546764013217 17.501955777406693 0.00020609123748727143
2721.8616207074547 17.501142770051956 0.00020609123748727143
2721.8685650135862 17.503009736537933 0.00020609123748727143
2721.875509319852 17.507306188344955 0.00020609123748727143
2721.8824536262496 17.516810297966003 0.00020609123748727143
2721.889397932648 17.530366331338882 0.00020609123748727143
2721.8963422390443 17.54600092768669 0.00020609123748727143
2721.903286545442 17.563439160585403 0.00020609123748727143
2721.9102308518404 17.582782804965973 0.00020609123748727143
2721.9171751583713 17.60115161538124 0.00020609123748727143
2721.924119465033 17.620442658662796 0.00020609123748727143
2721.931063771695 17.63919323682785 0.00020609123748727143
2721.9380080783576 17.655246555805206 0.00020609123748727143
2721.9449523850203 17.669916301965714 0.00020609123748727143
2721.9518966916808 17.68193319439888 0.00020609123748727143
2721.9588409984754 17.690351903438568 0.00020609123748727143
2721.9657853054 17.69734814763069 0.00020609123748727143
2721.9727296123247 17.701388746500015 0.00020609123748727143
2721.9796739192507 17.702786475419998 0.00020609123748727143
2721.9866182261762 17.704064548015594 0.00020609123748727143
2721.993562533102 17.70373523235321 0.00020609123748727143
2722.000506840155 17.703694105148315 0.00020609123748727143
2722.007451147343 17.701458781957626 0.00020609123748727143
2722.0143954545306 17.698954939842224 0.00020609123748727143
2722.021339761716 17.693095803260803 0.00020609123748727143
2722.028284068903 17.68489509820938 0.00020609123748727143
2722.035228376089 17.67361968755722 0.00020609123748727143
2722.042172683406 17.659615129232407 0.00020609123748727143
2722.049116990853 17.6446832716465 0.00020609123748727143
2722.0560612983 17.626433670520782 0.00020609123748727143
2722.0630056057466 17.60777249932289 0.00020609123748727143
2722.0699499131915 17.589379251003265 0.00020609123748727143
2722.076894220639 17.56936177611351 0.00020609123748727143
2722.083838528216 17.55095735192299 0.00020609123748727143
2722.0907828359223 17.534835040569305 0.00020609123748727143
2722.097727143627 17.52104863524437 0.00020609123748727143
2722.104671451333 17.50967264175415 0.00020609123748727143
2722.1116157590395 17.503425776958466 0.00020609123748727143
2722.1185600667445 17.502181977033615 0.00020609123748727143
2722.12550437458 17.50216692686081 0.00020609123748727143
2722.1324486825415 17.50236615538597 0.00020609123748727143
2722.1393929905057 17.502353340387344 0.00020609123748727143
2722.1463372984686 17.50259444117546 0.00020609123748727143
2722.1532816064328 17.503008395433426 0.00020609123748727143
2722.1602259143974 17.501597851514816 0.00020609123748727143
2722.1671702224867 17.503187209367752 0.00020609123748727143
2722.174114530707 17.50197544693947 0.00020609123748727143
2722.1810588389276 17.50268131494522 0.00020609123748727143
2722.188003147148 17.5023652613163 0.00020609123748727143
2722.1949474553653 17.502300590276718 0.00020609123748727143
2722.201891763586 17.502099573612213 0.00020609123748727143
2722.208836071934 17.502078413963318 0.00020609123748727143
2722.2157803804084 17.502588480710983 0.00020609123748727143
2722.222724688884 17.502045184373856 0.00020609123748727143
2722.2296689973587 17.50175967812538 0.00020609123748727143
2722.2366133058335 17.502012848854065 0.00020609123748727143
2722.2435576143093 17.50217169523239 0.00020609123748727143
2722.250501922912 17.50206559896469 0.00020609123748727143
2722.257446231642 17.500759810209274 0.00020609123748727143
2722.2643905403684 17.50158816576004 0.00020609123748727143
2722.2713348490984 17.501399666070938 0.00020609123748727143
2722.2782791578284 17.50174567103386 0.00020609123748727143
2722.285223466557 17.5011844933033 0.00020609123748727143
2722.2921677754134 17.5017349421978 0.00020609123748727143
2722.2991120843953 17.501531690359116 0.00020609123748727143
2722.306056393378 17.501842081546783 0.00020609123748727143
2722.3130007023587 17.501451075077057 0.00020609123748727143
2722.3199450113416 17.5017012655735 0.00020609123748727143
2722.3268893203235 17.501912862062454 0.00020609123748727143
2722.3338336294314 17.5019109249115 0.00020609123748727143
2722.340777938666 17.501056641340256 0.00020609123748727143
2722.347722247901 17.501414269208908 0.00020609123748727143
2722.3546665571357 17.500779032707214 0.00020609123748727143
2722.3616108663673 17.501398473978043 0.00020609123748727143
2722.368555175602 17.502050548791885 0.00020609123748727143
2722.3754994849623 17.502000778913498 0.00020609123748727143
2722.382443794447 17.501157969236374 0.00020609123748727143
2722.3893881039326 17.500517815351486 0.00020609123748727143
2722.3963324134174 17.50105991959572 0.00020609123748727143
2722.403276722903 17.50088796019554 0.00020609123748727143
2722.410221032387 17.50080093741417 0.00020609123748727143
2722.417165341998 17.49996542930603 0.00020609123748727143
2722.4241096517326 17.500262409448624 0.00020609123748727143
2722.431053961466 17.50048205256462 0.00020609123748727143
2722.4379982712016 17.500874400138855 0.00020609123748727143
2722.444942580937 17.500069588422775 0.00020609123748727143
2722.4518868906734 17.50085324048996 0.00020609123748727143
2722.45883120053 17.500982731580734 0.00020609123748727143
2722.4657755105145 17.50112384557724 0.00020609123748727143
2722.4727198204987 17.499649822711945 0.00020609123748727143
2722.479664130482 17.50023826956749 0.00020609123748727143
2722.486608440464 17.499054074287415 0.00020609123748727143
2722.493552750448 17.500394135713577 0.00020609123748727143
2722.5004970605555 17.49981313943863 0.00020609123748727143
2722.507441370788 17.499954998493195 0.00020609123748727143
2722.51438568102 17.499676048755646 0.00020609123748727143
2722.521329991251 17.498787939548492 0.00020609123748727143
2722.5282743014823 17.499670386314392 0.00020609123748727143
2722.5352186117148 17.500087171792984 0.00020609123748727143
2722.5421629220705 17.499144077301025 0.00020609123748727143
2722.549107232547 17.499440908432007 0.00020609123748727143
2722.556051543025 17.499463260173798 0.00020609123748727143
2722.562995853504 17.499739229679108 0.00020609123748727143
2722.569940163984 17.498964071273804 0.00020609123748727143
2722.576884474461 17.500150203704834 0.00020609123748727143
2722.583828785062 17.499417066574097 0.00020609123748727143
2722.590773095787 17.499122619628906 0.00020609123748727143
2722.59771740651 17.498732209205627 0.00020609123748727143
2722.604661717235 17.49778300523758 0.00020609123748727143
2722.61160602796 17.498503029346466 0.00020609123748727143
2722.618550338684 17.49842494726181 0.00020609123748727143
2722.6254946495305 17.4984872341156 0.00020609123748727143
2722.6324389605006 17.498493790626526 0.00020609123748727143
2722.6393832714707 17.498786747455597 0.00020609123748727143
2722.646327582439 17.499144673347473 0.00020609123748727143
2722.6532718934086 17.498934268951416 0.00020609123748727143
2722.6602162043787 17.498303055763245 0.00020609123748727143
2722.667160515471 17.498573660850525 0.00020609123748727143
2722.674104826683 17.498441636562347 0.00020609123748727143
2722.681049137896 17.49822050333023 0.00020609123748727143
2722.6879934491103 17.498306035995483 0.00020609123748727143
2722.6949377603237 17.49779373407364 0.00020609123748727143
2722.701882071538 17.49820053577423 0.00020609123748727143
2722.7088263828728 17.498241066932678 0.00020609123748727143
2722.7157706943303 17.497499883174896 0.00020609123748727143
2722.722715005785 17.498227059841156 0.00020609123748727143
2722.7296593172427 17.49756395816803 0.00020609123748727143
2722.7366036287003 17.498006224632263 0.00020609123748727143
2722.743547940156 17.49732196331024 0.00020609123748727143
2722.7504922517346 17.496861517429352 0.00020609123748727143
2722.7574365634346 17.497740387916565 0.00020609123748727143
2722.7643808751345 17.496692538261414 0.00020609123748727143
2722.771325186831 17.497912049293518 0.00020609123748727143
2722.778269498531 17.496865391731262 0.00020609123748727143
2722.7852138102307 17.4972140789032 0.00020609123748727143
2722.7921581220508 17.49693900346756 0.00020609123748727143
2722.799102433992 17.498065531253815 0.00020609123748727143
2722.8060467459327 17.497013807296753 0.00020609123748727143
2722.8129910578728 17.497742474079132 0.00020609123748727143
2722.819935369814 17.49679446220398 0.00020609123748727143
2722.8268796817556 17.49691992998123 0.00020609123748727143
2722.8338239938166 17.497477531433105 0.00020609123748727143
2722.840768305997 17.496243119239807 0.00020609123748727143
2722.847712618179 17.496694922447205 0.00020609123748727143
2722.854656930361 17.496613264083862 0.00020609123748727143
2722.861601242542 17.496375143527985 0.00020609123748727143
2722.8685455547234 17.49630868434906 0.00020609123748727143
2722.8754898670254 17.496933043003082 0.00020609123748727143
2722.8824341794475 17.49683529138565 0.00020609123748727143
2722.8893784918687 17.49640315771103 0.00020609123748727143
2722.8963228042885 17.49655455350876 0.00020609123748727143
2722.9032671167106 17.49575138092041 0.00020609123748727143
2722.910211429132 17.495659589767456 0.00020609123748727143
2722.9171557416735 17.496899366378784 0.00020609123748727143
2722.9241000543348 17.49613493680954 0.00020609123748727143
2722.931044366995 17.495651841163635 0.00020609123748727143
2722.9379886796555 17.495864033699036 0.00020609123748727143
2722.944932992317 17.495582699775696 0.00020609123748727143
2722.951877304978 17.496327459812164 0.00020609123748727143
2722.9588216177553 17.496708035469055 0.00020609123748727143
2722.965765930655 17.495500147342682 0.00020609123748727143
2722.972710243555 17.496592104434967 0.00020609123748727143
2722.9796545564554 17.49523103237152 0.00020609123748727143
2722.986598869353 17.495814561843872 0.00020609123748727143
2722.9935431822514 17.495547831058502 0.00020609123748727143
2723.0004874952697 17.495389878749847 0.00020609123748727143
2723.0074318084053 17.49599128961563 0.00020609123748727143
2723.0143761215427 17.495815455913544 0.00020609123748727143
2723.0213204346787 17.49563992023468 0.00020609123748727143
2723.028264747816 17.49539405107498 0.00020609123748727143
2723.0352090609517 17.495576441287994 0.00020609123748727143
2723.042153374208 17.496127486228943 0.00020609123748727143
2723.049097687581 17.49563694000244 0.00020609123748727143
2723.056042000954 17.495947778224945 0.00020609123748727143
2723.062986314328 17.496418356895447 0.00020609123748727143
2723.069930627702 17.496247589588165 0.00020609123748727143
2723.0768749410763 17.49539852142334 0.00020609123748727143
2723.0838192545652 17.49600201845169 0.00020609123748727143
2723.0907635681756 17.495296895503998 0.00020609123748727143
2723.0977078817855 17.496415674686432 0.00020609123748727143
2723.104652195395 17.495640814304352 0.00020609123748727143
2723.1115965090044 17.496771812438965 0.00020609123748727143
2723.1185408226142 17.49628186225891 0.00020609123748727143
2723.12548513634 17.496416568756104 0.00020609123748727143
2723.1324294501856 17.496167719364166 0.00020609123748727143
2723.1393737640315 17.495720088481903 0.00020609123748727143
2723.146318077876 17.496452033519745 0.00020609123748727143
2723.1532623917205 17.49613791704178 0.00020609123748727143
2723.160206705566 17.49595880508423 0.00020609123748727143
2723.1671510195292 17.496567368507385 0.00020609123748727143
2723.174095333606 17.496708035469055 0.00020609123748727143
2723.1810396476862 17.496389150619507 0.00020609123748727143
2723.187983961767 17.496913969516754 0.00020609123748727143
2723.194928275847 17.49598741531372 0.00020609123748727143
2723.201872589925 17.49587893486023 0.00020609123748727143
2723.2088169041226 17.49579429626465 0.00020609123748727143
2723.215761218437 17.49616116285324 0.00020609123748727143
2723.2227055327494 17.4957737326622 0.00020609123748727143
2723.2296498470637 17.496712505817413 0.00020609123748727143
2723.236594161376 17.49691754579544 0.00020609123748727143
2723.2435384756914 17.49631494283676 0.00020609123748727143
2723.2504827901203 17.496293485164642 0.00020609123748727143
2723.257427104668 17.496744692325592 0.00020609123748727143
2723.264371419214 17.496241331100464 0.00020609123748727143
2723.2713157337603 17.49602496623993 0.00020609123748727143
2723.278260048308 17.49694913625717 0.00020609123748727143
2723.2852043628554 17.496304214000702 0.00020609123748727143
2723.292148677518 17.497110664844513 0.00020609123748727143
2723.2990929922958 17.49653160572052 0.00020609123748727143
2723.306037307076 17.49727487564087 0.00020609123748727143
2723.312981621856 17.497190535068512 0.00020609123748727143
2723.319925936635 17.496879398822784 0.00020609123748727143
2723.326870251414 17.49801993370056 0.00020609123748727143
2723.33381456631 17.497046291828156 0.00020609123748727143
2723.340758881322 17.49687284231186 0.00020609123748727143
2723.347703196333 17.497872412204742 0.00020609123748727143
2723.3546475113426 17.49714583158493 0.00020609123748727143
2723.3615918263545 17.497488856315613 0.00020609123748727143
2723.368536141366 17.497745752334595 0.00020609123748727143
2723.3754804564933 17.49760866165161 0.00020609123748727143
2723.3824247717357 17.498107850551605 0.00020609123748727143
2723.3893690869786 17.498061954975128 0.00020609123748727143
2723.3963134022206 17.49718487262726 0.00020609123748727143
2723.4032577174635 17.49792605638504 0.00020609123748727143
2723.410202032707 17.497548162937164 0.00020609123748727143
2723.4171463480625 17.49767243862152 0.00020609123748727143
2723.424090663536 17.498036324977875 0.00020609123748727143
2723.43103497901 17.49781161546707 0.00020609123748727143
2723.4379792944824 17.498522102832794 0.00020609123748727143
2723.444923609954 17.498779892921448 0.00020609123748727143
2723.451867925429 17.49886840581894 0.00020609123748727143
2723.4588122410173 17.498357594013214 0.00020609123748727143
2723.46575655672 17.498480081558228 0.00020609123748727143
2723.4727008724217 17.49805837869644 0.00020609123748727143
2723.4796451881252 17.498334646224976 0.00020609123748727143
2723.4865895038274 17.498880624771118 0.00020609123748727143
2723.493533819531 17.498693764209747 0.00020609123748727143
2723.5004781353487 17.499124109745026 0.00020609123748727143
2723.5074224512814 17.49954581260681 0.00020609123748727143
2723.5143667672132 17.499473094940186 0.00020609123748727143
2723.521311083146 17.499103844165802 0.00020609123748727143
2723.528255399079 17.49969184398651 0.00020609123748727143
2723.5351997150087 17.499642968177795 0.00020609123748727143
2723.542144031056 17.499196231365204 0.00020609123748727143
2723.5490883472175 17.49941974878311 0.00020609123748727143
2723.556032663379 17.49982327222824 0.00020609123748727143
2723.5629769795387 17.5007164478302 0.00020609123748727143
2723.5699212956997 17.498927116394043 0.00020609123748727143
2723.576865611861 17.500877380371094 0.00020609123748727143
2723.5838099281345 17.500178515911102 0.00020609123748727143
2723.5907542445234 17.500093430280685 0.00020609123748727143
2723.5976985609127 17.501308768987656 0.00020609123748727143
2723.604642877302 17.500512450933456 0.00020609123748727143
2723.6115871936904 17.500646859407425 0.00020609123748727143
2723.618531510078 17.501179426908493 0.00020609123748727143
2723.625475826582 17.50078484416008 0.00020609123748727143
2723.6324201431967 17.501395642757416 0.00020609123748727143
2723.6393644598134 17.50139281153679 0.00020609123748727143
2723.6463087764296 17.50211000442505 0.00020609123748727143
2723.6532530930463 17.50124901533127 0.00020609123748727143
2723.6601974096616 17.501409351825714 0.00020609123748727143
2723.667141726392 17.502388954162598 0.00020609123748727143
2723.6740860432355 17.501547634601593 0.00020609123748727143
2723.681030360077 17.501673847436905 0.00020609123748727143
2723.6879746769205 17.501747459173203 0.00020609123748727143
2723.694918993764 17.502285093069077 0.00020609123748727143
2723.7018633106077 17.502014636993408 0.00020609123748727143
2723.708807627561 17.501904219388962 0.00020609123748727143
2723.7157519446305 17.502311915159225 0.00020609123748727143
2723.7226962617 17.503120750188828 0.00020609123748727143
2723.729640578769 17.502843141555786 0.00020609123748727143
2723.7365848958366 17.50376433134079 0.00020609123748727143
2723.743529212907 17.503574043512344 0.00020609123748727143
2723.750473530087 17.50336304306984 0.00020609123748727143
2723.7574178473824 17.502266764640808 0.00020609123748727143
2723.7643621646766 17.50361293554306 0.00020609123748727143
2723.7713064819714 17.502968460321426 0.00020609123748727143
2723.7782507992656 17.503268867731094 0.00020609123748727143
2723.7851951165608 17.50303342938423 0.00020609123748727143
2723.792139433966 17.503299564123154 0.00020609123748727143
2723.7990837514853 17.503363490104675 0.00020609123748727143
2723.806028069005 17.503170371055603 0.00020609123748727143
2723.812972386525 17.503717988729477 0.00020609123748727143
2723.8199167040443 17.50349000096321 0.00020609123748727143
2723.826861021563 17.503888309001923 0.00020609123748727143
2723.8338053391954 17.50448763370514 0.00020609123748727143
2723.8407496569394 17.50355899333954 0.00020609123748727143
2723.8476939746815 17.504288256168365 0.00020609123748727143
2723.8546382924246 17.50433847308159 0.00020609123748727143
2723.86158261017 17.503990083932877 0.00020609123748727143
2723.868526927914 17.50437691807747 0.00020609123748727143
2723.8754712457685 17.504427582025528 0.00020609123748727143
2723.882415563735 17.504764646291733 0.00020609123748727143
2723.8893598817026 17.50476896762848 0.00020609123748727143
2723.896304199669 17.505381852388382 0.00020609123748727143
2723.9032485176367 17.504588812589645 0.00020609123748727143
2723.9101928356035 17.50434845685959 0.00020609123748727143
2723.917137153684 17.504670917987823 0.00020609123748727143
2723.924081471873 17.504838556051254 0.00020609123748727143
2723.931025790064 17.50483587384224 0.00020609123748727143
2723.9379701082535 17.505794167518616 0.00020609123748727143
2723.9449144264436 17.505498081445694 0.00020609123748727143
2723.9518587446346 17.50598832964897 0.00020609123748727143
2723.958803062937 17.51447558403015 0.00020609123748727143
2723.965747381348 17.53310278058052 0.00020609123748727143
2723.9726916997606 17.55698651075363 0.00020609123748727143
2723.979636018174 17.584877163171768 0.00020609123748727143
2723.9865803365874 17.616173028945923 0.00020609123748727143
2723.993524654999 17.649731934070587 0.00020609123748727143